chromosome	assays	snp_posn_chr	chrEnd	cumProbG	domAlleleFreq
2	126	242618	947102	0.25616881814208	0.81772784019975
3	127	171914	1060087	0.162169708712587	0.898252184769039
3	129	439999	1060087	0.41505933003612	0.943820224719101
4	134	523108	1204112	0.434434670528987	0.938826466916355
4	135	535833	1204112	0.445002624340593	0.84956304619226
4	136	629209	1204112	0.522550227885778	0.932584269662921
4	2	755190	1204112	0.627175877327026	0.796916890080429
5	143	668974	1343552	0.497914483399228	0.74597855227882
5	144	669004	1343552	0.497936812270757	0.852684144818976
5	176	958435	1343552	0.713359066117277	0.847855227882037
5	149	1134201	1343552	0.844180947220502	0.563670411985019
6	154	416488	1418244	0.293664559835966	0.744694132334582
6	157	605108	1418244	0.426660010548255	0.599875156054931
6	160	1027654	1418244	0.724596049762946	0.724094881398252
7	10	242868	1501717	0.161726876635212	0.887016229712859
7	62	761120	1501717	0.506833178288586	0.898252184769039
7	15	1413900	1501717	0.941522270840644	0.85705368289638
7	22	1414436	1501717	0.941879195614087	0.936329588014981
7	24	1414864	1501717	0.942164202709299	0.898876404494382
7	27	1415420	1501717	0.942534445571303	0.551186017478152
7	30	1415733	1501717	0.942742873657287	0.797752808988764
7	34	1415888	1501717	0.942846088843637	0.938461538461538
7	36	1416124	1501717	0.94300324228866	0.937792642140468
7	59	1416197	1501717	0.943051853311909	0.828339575530587
7	150	1416729	1501717	0.943406114467639	0.690921690921691
7	63	1424575	1501717	0.948630800610235	0.800873907615481
7	66	1425627	1501717	0.949331332068559	0.948189762796504
7	49	1435476	1501717	0.955889824780568	0.515605493133583
7	50	1435585	1501717	0.955962408363227	0.921348314606742
9	164	431939	1541723	0.280166411216542	0.889513108614232
9	167	845479	1541723	0.548398772023249	0.600536193029491
9	177	1206801	1541723	0.782761235319185	0.906166219839142
10	70	323640	1687655	0.191769052324083	0.880149812734082
10	71	489226	1687655	0.289885077222537	0.903485254691689
10	74	957666	1687655	0.567453656108624	0.940699126092384
11	79	536092	2038337	0.263004596394021	0.875335120643432
11	85	1293969	2038337	0.634816028949089	0.791510611735331
11	87	1294353	2038337	0.635004417817073	0.82334581772784
11	88	1294376	2038337	0.635015701525312	0.933832709113608
11	89	1294751	2038337	0.635199675029203	0.710986267166042
11	90	1295037	2038337	0.63533998548817	0.714107365792759
11	91	1295331	2038337	0.63548422071522	0.740324594257179
11	92	1295620	2038337	0.635626002962219	0.800249687890137
11	96	1320850	2038337	0.648003740303983	0.730961298377029
12	169	274118	2271478	0.120678254422891	0.947565543071161
12	170	382395	2271478	0.16834633661431	0.887016229712859
12	172	1216710	2271478	0.535646834351907	0.932584269662921
13	4	1237824	2895605	0.427483721018578	0.892761394101877
13	103	2023590	2895605	0.698848772536309	0.912860154602952
13	8	2731153	2895605	0.943206342025242	0.833780160857909
14	108	177549	3291871	0.0539355886059934	0.928838951310861
14	114	622650	3291871	0.189147752144601	0.901449275362319
14	115	625051	3291871	0.189877124589633	0.943196004993758
